indiv
2
3
4
5
6
7
9
10
11
13
14
15
16
17
18
19
20
21
22
23
24
25
26
27
28
29
30
32
33
34
36
42
43
45
46
47
49
50
51
53
54
56
58
59
60
61
62
65
66
67
68
69
70
71
72
74
75
80
82
83
84
85
86
87
88
89
90
91
92
93
94
95
96
97
98
100
102
104
105
108
109
110
111
112
113
121
122
123
124
126
127
128
129
131
132
135
136
137
138
139
140
141
142
143
144
145
146
147
148
149
150
151
152
153
154
160
161
162
163
164
165
166
167
168
169
170
171
172
173
174
175
176
177
179
180
181
182
183
184
185
186
187
188
201
203
204
205
208
212
213
214